{
  "cells": [
    {
      "cell_type": "code",
      "execution_count": 31,
      "metadata": {
        "id": "ijr7ozz4ppNP"
      },
      "outputs": [],
      "source": [
        "import pandas as pd\n",
        "import numpy as np\n",
        "import matplotlib.pyplot as plt\n",
        "import seaborn as sns"
      ]
    },
    {
      "cell_type": "markdown",
      "metadata": {
        "id": "1tR7hVboqAEp"
      },
      "source": [
        "## Loading Boston House Pricing Dataset"
      ]
    },
    {
      "cell_type": "code",
      "execution_count": 32,
      "metadata": {
        "colab": {
          "base_uri": "https://localhost:8080/",
          "height": 206
        },
        "id": "2QK4okN4pdHh",
        "outputId": "ee442236-7514-4e98-e67c-c9e773476b0a"
      },
      "outputs": [
        {
          "data": {
            "text/html": [
              "<div>\n",
              "<style scoped>\n",
              "    .dataframe tbody tr th:only-of-type {\n",
              "        vertical-align: middle;\n",
              "    }\n",
              "\n",
              "    .dataframe tbody tr th {\n",
              "        vertical-align: top;\n",
              "    }\n",
              "\n",
              "    .dataframe thead th {\n",
              "        text-align: right;\n",
              "    }\n",
              "</style>\n",
              "<table border=\"1\" class=\"dataframe\">\n",
              "  <thead>\n",
              "    <tr style=\"text-align: right;\">\n",
              "      <th></th>\n",
              "      <th>crim</th>\n",
              "      <th>zn</th>\n",
              "      <th>indus</th>\n",
              "      <th>chas</th>\n",
              "      <th>nox</th>\n",
              "      <th>rm</th>\n",
              "      <th>age</th>\n",
              "      <th>dis</th>\n",
              "      <th>rad</th>\n",
              "      <th>tax</th>\n",
              "      <th>ptratio</th>\n",
              "      <th>b</th>\n",
              "      <th>lstat</th>\n",
              "      <th>medv</th>\n",
              "    </tr>\n",
              "  </thead>\n",
              "  <tbody>\n",
              "    <tr>\n",
              "      <th>0</th>\n",
              "      <td>0.00632</td>\n",
              "      <td>18.0</td>\n",
              "      <td>2.31</td>\n",
              "      <td>0</td>\n",
              "      <td>0.538</td>\n",
              "      <td>6.575</td>\n",
              "      <td>65.2</td>\n",
              "      <td>4.0900</td>\n",
              "      <td>1</td>\n",
              "      <td>296</td>\n",
              "      <td>15.3</td>\n",
              "      <td>396.90</td>\n",
              "      <td>4.98</td>\n",
              "      <td>24.0</td>\n",
              "    </tr>\n",
              "    <tr>\n",
              "      <th>1</th>\n",
              "      <td>0.02731</td>\n",
              "      <td>0.0</td>\n",
              "      <td>7.07</td>\n",
              "      <td>0</td>\n",
              "      <td>0.469</td>\n",
              "      <td>6.421</td>\n",
              "      <td>78.9</td>\n",
              "      <td>4.9671</td>\n",
              "      <td>2</td>\n",
              "      <td>242</td>\n",
              "      <td>17.8</td>\n",
              "      <td>396.90</td>\n",
              "      <td>9.14</td>\n",
              "      <td>21.6</td>\n",
              "    </tr>\n",
              "    <tr>\n",
              "      <th>2</th>\n",
              "      <td>0.02729</td>\n",
              "      <td>0.0</td>\n",
              "      <td>7.07</td>\n",
              "      <td>0</td>\n",
              "      <td>0.469</td>\n",
              "      <td>7.185</td>\n",
              "      <td>61.1</td>\n",
              "      <td>4.9671</td>\n",
              "      <td>2</td>\n",
              "      <td>242</td>\n",
              "      <td>17.8</td>\n",
              "      <td>392.83</td>\n",
              "      <td>4.03</td>\n",
              "      <td>34.7</td>\n",
              "    </tr>\n",
              "    <tr>\n",
              "      <th>3</th>\n",
              "      <td>0.03237</td>\n",
              "      <td>0.0</td>\n",
              "      <td>2.18</td>\n",
              "      <td>0</td>\n",
              "      <td>0.458</td>\n",
              "      <td>6.998</td>\n",
              "      <td>45.8</td>\n",
              "      <td>6.0622</td>\n",
              "      <td>3</td>\n",
              "      <td>222</td>\n",
              "      <td>18.7</td>\n",
              "      <td>394.63</td>\n",
              "      <td>2.94</td>\n",
              "      <td>33.4</td>\n",
              "    </tr>\n",
              "    <tr>\n",
              "      <th>4</th>\n",
              "      <td>0.06905</td>\n",
              "      <td>0.0</td>\n",
              "      <td>2.18</td>\n",
              "      <td>0</td>\n",
              "      <td>0.458</td>\n",
              "      <td>7.147</td>\n",
              "      <td>54.2</td>\n",
              "      <td>6.0622</td>\n",
              "      <td>3</td>\n",
              "      <td>222</td>\n",
              "      <td>18.7</td>\n",
              "      <td>396.90</td>\n",
              "      <td>5.33</td>\n",
              "      <td>36.2</td>\n",
              "    </tr>\n",
              "  </tbody>\n",
              "</table>\n",
              "</div>"
            ],
            "text/plain": [
              "      crim    zn  indus  chas    nox     rm   age     dis  rad  tax  ptratio  \\\n",
              "0  0.00632  18.0   2.31     0  0.538  6.575  65.2  4.0900    1  296     15.3   \n",
              "1  0.02731   0.0   7.07     0  0.469  6.421  78.9  4.9671    2  242     17.8   \n",
              "2  0.02729   0.0   7.07     0  0.469  7.185  61.1  4.9671    2  242     17.8   \n",
              "3  0.03237   0.0   2.18     0  0.458  6.998  45.8  6.0622    3  222     18.7   \n",
              "4  0.06905   0.0   2.18     0  0.458  7.147  54.2  6.0622    3  222     18.7   \n",
              "\n",
              "        b  lstat  medv  \n",
              "0  396.90   4.98  24.0  \n",
              "1  396.90   9.14  21.6  \n",
              "2  392.83   4.03  34.7  \n",
              "3  394.63   2.94  33.4  \n",
              "4  396.90   5.33  36.2  "
            ]
          },
          "execution_count": 32,
          "metadata": {},
          "output_type": "execute_result"
        }
      ],
      "source": [
        "df = pd.read_csv('D:\\ML Projects\\Boston-House-Pricing\\BostonHousing.csv')\n",
        "df.head()"
      ]
    },
    {
      "cell_type": "markdown",
      "metadata": {},
      "source": [
        "\"\"\"\n",
        "\n",
        "- CRIM   -- per capita crime rate by town\n",
        "- ZN     -- proportion of residential land zoned for lots over 25,000 sq.ft.\n",
        "- INDUS  -- proportion of non-retail business acres per town\n",
        "- CHAS   -- Charles River dummy variable (= 1 if tract bounds river; 0 otherwise)\n",
        "- NOX    -- nitric oxides concentration (parts per 10 million)\n",
        "- RM     -- average number of rooms per dwelling\n",
        "- AGE    -- proportion of owner-occupied units built prior to 1940\n",
        "- DIS    -- weighted distances to five Boston employment centres\n",
        "- RAD    -- index of accessibility to radial highways\n",
        "- TAX    -- full-value property-tax rate per $10,000\n",
        "- PTRATIO  -- pupil-teacher ratio by town\n",
        "- B        -- 1000(Bk - 0.63)^2 where Bk is the proportion of blacks by town\n",
        "- LSTAT    -- % lower status of the population\n",
        "- MEDV(Price) -- Median value of owner-occupied homes in $1000's\n",
        "\n",
        "\"\"\""
      ]
    },
    {
      "cell_type": "code",
      "execution_count": 33,
      "metadata": {
        "colab": {
          "base_uri": "https://localhost:8080/"
        },
        "id": "WQdebVuV6u9w",
        "outputId": "98265455-42c8-4f91-d39f-462a6df94313"
      },
      "outputs": [
        {
          "name": "stdout",
          "output_type": "stream",
          "text": [
            "<class 'pandas.core.frame.DataFrame'>\n",
            "RangeIndex: 506 entries, 0 to 505\n",
            "Data columns (total 14 columns):\n",
            " #   Column   Non-Null Count  Dtype  \n",
            "---  ------   --------------  -----  \n",
            " 0   crim     506 non-null    float64\n",
            " 1   zn       506 non-null    float64\n",
            " 2   indus    506 non-null    float64\n",
            " 3   chas     506 non-null    int64  \n",
            " 4   nox      506 non-null    float64\n",
            " 5   rm       501 non-null    float64\n",
            " 6   age      506 non-null    float64\n",
            " 7   dis      506 non-null    float64\n",
            " 8   rad      506 non-null    int64  \n",
            " 9   tax      506 non-null    int64  \n",
            " 10  ptratio  506 non-null    float64\n",
            " 11  b        506 non-null    float64\n",
            " 12  lstat    506 non-null    float64\n",
            " 13  medv     506 non-null    float64\n",
            "dtypes: float64(11), int64(3)\n",
            "memory usage: 55.5 KB\n"
          ]
        }
      ],
      "source": [
        "df.info()"
      ]
    },
    {
      "cell_type": "code",
      "execution_count": 34,
      "metadata": {
        "colab": {
          "base_uri": "https://localhost:8080/",
          "height": 320
        },
        "id": "mvotZKSO68iv",
        "outputId": "416842cf-9e25-46ce-fa6a-74b074fbfa9e"
      },
      "outputs": [
        {
          "data": {
            "text/html": [
              "<div>\n",
              "<style scoped>\n",
              "    .dataframe tbody tr th:only-of-type {\n",
              "        vertical-align: middle;\n",
              "    }\n",
              "\n",
              "    .dataframe tbody tr th {\n",
              "        vertical-align: top;\n",
              "    }\n",
              "\n",
              "    .dataframe thead th {\n",
              "        text-align: right;\n",
              "    }\n",
              "</style>\n",
              "<table border=\"1\" class=\"dataframe\">\n",
              "  <thead>\n",
              "    <tr style=\"text-align: right;\">\n",
              "      <th></th>\n",
              "      <th>crim</th>\n",
              "      <th>zn</th>\n",
              "      <th>indus</th>\n",
              "      <th>chas</th>\n",
              "      <th>nox</th>\n",
              "      <th>rm</th>\n",
              "      <th>age</th>\n",
              "      <th>dis</th>\n",
              "      <th>rad</th>\n",
              "      <th>tax</th>\n",
              "      <th>ptratio</th>\n",
              "      <th>b</th>\n",
              "      <th>lstat</th>\n",
              "      <th>medv</th>\n",
              "    </tr>\n",
              "  </thead>\n",
              "  <tbody>\n",
              "    <tr>\n",
              "      <th>count</th>\n",
              "      <td>506.000000</td>\n",
              "      <td>506.000000</td>\n",
              "      <td>506.000000</td>\n",
              "      <td>506.000000</td>\n",
              "      <td>506.000000</td>\n",
              "      <td>501.000000</td>\n",
              "      <td>506.000000</td>\n",
              "      <td>506.000000</td>\n",
              "      <td>506.000000</td>\n",
              "      <td>506.000000</td>\n",
              "      <td>506.000000</td>\n",
              "      <td>506.000000</td>\n",
              "      <td>506.000000</td>\n",
              "      <td>506.000000</td>\n",
              "    </tr>\n",
              "    <tr>\n",
              "      <th>mean</th>\n",
              "      <td>3.613524</td>\n",
              "      <td>11.363636</td>\n",
              "      <td>11.136779</td>\n",
              "      <td>0.069170</td>\n",
              "      <td>0.554695</td>\n",
              "      <td>6.284341</td>\n",
              "      <td>68.574901</td>\n",
              "      <td>3.795043</td>\n",
              "      <td>9.549407</td>\n",
              "      <td>408.237154</td>\n",
              "      <td>18.455534</td>\n",
              "      <td>356.674032</td>\n",
              "      <td>12.653063</td>\n",
              "      <td>22.532806</td>\n",
              "    </tr>\n",
              "    <tr>\n",
              "      <th>std</th>\n",
              "      <td>8.601545</td>\n",
              "      <td>23.322453</td>\n",
              "      <td>6.860353</td>\n",
              "      <td>0.253994</td>\n",
              "      <td>0.115878</td>\n",
              "      <td>0.705587</td>\n",
              "      <td>28.148861</td>\n",
              "      <td>2.105710</td>\n",
              "      <td>8.707259</td>\n",
              "      <td>168.537116</td>\n",
              "      <td>2.164946</td>\n",
              "      <td>91.294864</td>\n",
              "      <td>7.141062</td>\n",
              "      <td>9.197104</td>\n",
              "    </tr>\n",
              "    <tr>\n",
              "      <th>min</th>\n",
              "      <td>0.006320</td>\n",
              "      <td>0.000000</td>\n",
              "      <td>0.460000</td>\n",
              "      <td>0.000000</td>\n",
              "      <td>0.385000</td>\n",
              "      <td>3.561000</td>\n",
              "      <td>2.900000</td>\n",
              "      <td>1.129600</td>\n",
              "      <td>1.000000</td>\n",
              "      <td>187.000000</td>\n",
              "      <td>12.600000</td>\n",
              "      <td>0.320000</td>\n",
              "      <td>1.730000</td>\n",
              "      <td>5.000000</td>\n",
              "    </tr>\n",
              "    <tr>\n",
              "      <th>25%</th>\n",
              "      <td>0.082045</td>\n",
              "      <td>0.000000</td>\n",
              "      <td>5.190000</td>\n",
              "      <td>0.000000</td>\n",
              "      <td>0.449000</td>\n",
              "      <td>5.884000</td>\n",
              "      <td>45.025000</td>\n",
              "      <td>2.100175</td>\n",
              "      <td>4.000000</td>\n",
              "      <td>279.000000</td>\n",
              "      <td>17.400000</td>\n",
              "      <td>375.377500</td>\n",
              "      <td>6.950000</td>\n",
              "      <td>17.025000</td>\n",
              "    </tr>\n",
              "    <tr>\n",
              "      <th>50%</th>\n",
              "      <td>0.256510</td>\n",
              "      <td>0.000000</td>\n",
              "      <td>9.690000</td>\n",
              "      <td>0.000000</td>\n",
              "      <td>0.538000</td>\n",
              "      <td>6.208000</td>\n",
              "      <td>77.500000</td>\n",
              "      <td>3.207450</td>\n",
              "      <td>5.000000</td>\n",
              "      <td>330.000000</td>\n",
              "      <td>19.050000</td>\n",
              "      <td>391.440000</td>\n",
              "      <td>11.360000</td>\n",
              "      <td>21.200000</td>\n",
              "    </tr>\n",
              "    <tr>\n",
              "      <th>75%</th>\n",
              "      <td>3.677083</td>\n",
              "      <td>12.500000</td>\n",
              "      <td>18.100000</td>\n",
              "      <td>0.000000</td>\n",
              "      <td>0.624000</td>\n",
              "      <td>6.625000</td>\n",
              "      <td>94.075000</td>\n",
              "      <td>5.188425</td>\n",
              "      <td>24.000000</td>\n",
              "      <td>666.000000</td>\n",
              "      <td>20.200000</td>\n",
              "      <td>396.225000</td>\n",
              "      <td>16.955000</td>\n",
              "      <td>25.000000</td>\n",
              "    </tr>\n",
              "    <tr>\n",
              "      <th>max</th>\n",
              "      <td>88.976200</td>\n",
              "      <td>100.000000</td>\n",
              "      <td>27.740000</td>\n",
              "      <td>1.000000</td>\n",
              "      <td>0.871000</td>\n",
              "      <td>8.780000</td>\n",
              "      <td>100.000000</td>\n",
              "      <td>12.126500</td>\n",
              "      <td>24.000000</td>\n",
              "      <td>711.000000</td>\n",
              "      <td>22.000000</td>\n",
              "      <td>396.900000</td>\n",
              "      <td>37.970000</td>\n",
              "      <td>50.000000</td>\n",
              "    </tr>\n",
              "  </tbody>\n",
              "</table>\n",
              "</div>"
            ],
            "text/plain": [
              "             crim          zn       indus        chas         nox          rm  \\\n",
              "count  506.000000  506.000000  506.000000  506.000000  506.000000  501.000000   \n",
              "mean     3.613524   11.363636   11.136779    0.069170    0.554695    6.284341   \n",
              "std      8.601545   23.322453    6.860353    0.253994    0.115878    0.705587   \n",
              "min      0.006320    0.000000    0.460000    0.000000    0.385000    3.561000   \n",
              "25%      0.082045    0.000000    5.190000    0.000000    0.449000    5.884000   \n",
              "50%      0.256510    0.000000    9.690000    0.000000    0.538000    6.208000   \n",
              "75%      3.677083   12.500000   18.100000    0.000000    0.624000    6.625000   \n",
              "max     88.976200  100.000000   27.740000    1.000000    0.871000    8.780000   \n",
              "\n",
              "              age         dis         rad         tax     ptratio           b  \\\n",
              "count  506.000000  506.000000  506.000000  506.000000  506.000000  506.000000   \n",
              "mean    68.574901    3.795043    9.549407  408.237154   18.455534  356.674032   \n",
              "std     28.148861    2.105710    8.707259  168.537116    2.164946   91.294864   \n",
              "min      2.900000    1.129600    1.000000  187.000000   12.600000    0.320000   \n",
              "25%     45.025000    2.100175    4.000000  279.000000   17.400000  375.377500   \n",
              "50%     77.500000    3.207450    5.000000  330.000000   19.050000  391.440000   \n",
              "75%     94.075000    5.188425   24.000000  666.000000   20.200000  396.225000   \n",
              "max    100.000000   12.126500   24.000000  711.000000   22.000000  396.900000   \n",
              "\n",
              "            lstat        medv  \n",
              "count  506.000000  506.000000  \n",
              "mean    12.653063   22.532806  \n",
              "std      7.141062    9.197104  \n",
              "min      1.730000    5.000000  \n",
              "25%      6.950000   17.025000  \n",
              "50%     11.360000   21.200000  \n",
              "75%     16.955000   25.000000  \n",
              "max     37.970000   50.000000  "
            ]
          },
          "execution_count": 34,
          "metadata": {},
          "output_type": "execute_result"
        }
      ],
      "source": [
        "# Summarizing the stats of Dataset\n",
        "\n",
        "df.describe()"
      ]
    },
    {
      "cell_type": "code",
      "execution_count": 35,
      "metadata": {
        "colab": {
          "base_uri": "https://localhost:8080/",
          "height": 523
        },
        "id": "1A5gpD557XtP",
        "outputId": "bc33bd5e-e038-4d85-d578-6351cc89248a"
      },
      "outputs": [
        {
          "data": {
            "text/plain": [
              "crim       0\n",
              "zn         0\n",
              "indus      0\n",
              "chas       0\n",
              "nox        0\n",
              "rm         5\n",
              "age        0\n",
              "dis        0\n",
              "rad        0\n",
              "tax        0\n",
              "ptratio    0\n",
              "b          0\n",
              "lstat      0\n",
              "medv       0\n",
              "dtype: int64"
            ]
          },
          "execution_count": 35,
          "metadata": {},
          "output_type": "execute_result"
        }
      ],
      "source": [
        "# Checking for Missing Values\n",
        "\n",
        "df.isna().sum()"
      ]
    },
    {
      "cell_type": "code",
      "execution_count": 36,
      "metadata": {
        "colab": {
          "base_uri": "https://localhost:8080/"
        },
        "id": "QVtuYH-MTNzZ",
        "outputId": "f76a4e61-0b13-4e57-81c8-6beefe997429"
      },
      "outputs": [
        {
          "data": {
            "text/plain": [
              "0"
            ]
          },
          "execution_count": 36,
          "metadata": {},
          "output_type": "execute_result"
        }
      ],
      "source": [
        "# Removing Null values from column 'rm'\n",
        "\n",
        "df = df[df['rm'].notna()]\n",
        "df['rm'].isna().sum()"
      ]
    },
    {
      "cell_type": "markdown",
      "metadata": {
        "id": "RKPLOvWe9H3U"
      },
      "source": [
        "# Exploratory Data Analysis"
      ]
    },
    {
      "cell_type": "code",
      "execution_count": 37,
      "metadata": {
        "colab": {
          "base_uri": "https://localhost:8080/",
          "height": 488
        },
        "id": "K43Tloni7jhY",
        "outputId": "55a5e8c7-1af7-4a91-a922-844e172b4a49"
      },
      "outputs": [
        {
          "data": {
            "text/html": [
              "<div>\n",
              "<style scoped>\n",
              "    .dataframe tbody tr th:only-of-type {\n",
              "        vertical-align: middle;\n",
              "    }\n",
              "\n",
              "    .dataframe tbody tr th {\n",
              "        vertical-align: top;\n",
              "    }\n",
              "\n",
              "    .dataframe thead th {\n",
              "        text-align: right;\n",
              "    }\n",
              "</style>\n",
              "<table border=\"1\" class=\"dataframe\">\n",
              "  <thead>\n",
              "    <tr style=\"text-align: right;\">\n",
              "      <th></th>\n",
              "      <th>crim</th>\n",
              "      <th>zn</th>\n",
              "      <th>indus</th>\n",
              "      <th>chas</th>\n",
              "      <th>nox</th>\n",
              "      <th>rm</th>\n",
              "      <th>age</th>\n",
              "      <th>dis</th>\n",
              "      <th>rad</th>\n",
              "      <th>tax</th>\n",
              "      <th>ptratio</th>\n",
              "      <th>b</th>\n",
              "      <th>lstat</th>\n",
              "      <th>medv</th>\n",
              "    </tr>\n",
              "  </thead>\n",
              "  <tbody>\n",
              "    <tr>\n",
              "      <th>crim</th>\n",
              "      <td>1.000000</td>\n",
              "      <td>-0.201470</td>\n",
              "      <td>0.407544</td>\n",
              "      <td>-0.057032</td>\n",
              "      <td>0.420611</td>\n",
              "      <td>-0.219433</td>\n",
              "      <td>0.354739</td>\n",
              "      <td>-0.380572</td>\n",
              "      <td>0.624932</td>\n",
              "      <td>0.582243</td>\n",
              "      <td>0.291731</td>\n",
              "      <td>-0.384064</td>\n",
              "      <td>0.457304</td>\n",
              "      <td>-0.390251</td>\n",
              "    </tr>\n",
              "    <tr>\n",
              "      <th>zn</th>\n",
              "      <td>-0.201470</td>\n",
              "      <td>1.000000</td>\n",
              "      <td>-0.536624</td>\n",
              "      <td>-0.043209</td>\n",
              "      <td>-0.518108</td>\n",
              "      <td>0.311173</td>\n",
              "      <td>-0.569695</td>\n",
              "      <td>0.665634</td>\n",
              "      <td>-0.314530</td>\n",
              "      <td>-0.315991</td>\n",
              "      <td>-0.392956</td>\n",
              "      <td>0.176529</td>\n",
              "      <td>-0.413820</td>\n",
              "      <td>0.360031</td>\n",
              "    </tr>\n",
              "    <tr>\n",
              "      <th>indus</th>\n",
              "      <td>0.407544</td>\n",
              "      <td>-0.536624</td>\n",
              "      <td>1.000000</td>\n",
              "      <td>0.062351</td>\n",
              "      <td>0.762937</td>\n",
              "      <td>-0.394193</td>\n",
              "      <td>0.646157</td>\n",
              "      <td>-0.709741</td>\n",
              "      <td>0.597721</td>\n",
              "      <td>0.720800</td>\n",
              "      <td>0.382633</td>\n",
              "      <td>-0.357817</td>\n",
              "      <td>0.605595</td>\n",
              "      <td>-0.486625</td>\n",
              "    </tr>\n",
              "    <tr>\n",
              "      <th>chas</th>\n",
              "      <td>-0.057032</td>\n",
              "      <td>-0.043209</td>\n",
              "      <td>0.062351</td>\n",
              "      <td>1.000000</td>\n",
              "      <td>0.090371</td>\n",
              "      <td>0.091468</td>\n",
              "      <td>0.087384</td>\n",
              "      <td>-0.098696</td>\n",
              "      <td>-0.008872</td>\n",
              "      <td>-0.037146</td>\n",
              "      <td>-0.121830</td>\n",
              "      <td>0.049972</td>\n",
              "      <td>-0.053698</td>\n",
              "      <td>0.174679</td>\n",
              "    </tr>\n",
              "    <tr>\n",
              "      <th>nox</th>\n",
              "      <td>0.420611</td>\n",
              "      <td>-0.518108</td>\n",
              "      <td>0.762937</td>\n",
              "      <td>0.090371</td>\n",
              "      <td>1.000000</td>\n",
              "      <td>-0.302751</td>\n",
              "      <td>0.732899</td>\n",
              "      <td>-0.771108</td>\n",
              "      <td>0.611942</td>\n",
              "      <td>0.666959</td>\n",
              "      <td>0.188830</td>\n",
              "      <td>-0.379640</td>\n",
              "      <td>0.591749</td>\n",
              "      <td>-0.428812</td>\n",
              "    </tr>\n",
              "    <tr>\n",
              "      <th>rm</th>\n",
              "      <td>-0.219433</td>\n",
              "      <td>0.311173</td>\n",
              "      <td>-0.394193</td>\n",
              "      <td>0.091468</td>\n",
              "      <td>-0.302751</td>\n",
              "      <td>1.000000</td>\n",
              "      <td>-0.240286</td>\n",
              "      <td>0.203507</td>\n",
              "      <td>-0.210718</td>\n",
              "      <td>-0.292794</td>\n",
              "      <td>-0.357612</td>\n",
              "      <td>0.128107</td>\n",
              "      <td>-0.615721</td>\n",
              "      <td>0.696169</td>\n",
              "    </tr>\n",
              "    <tr>\n",
              "      <th>age</th>\n",
              "      <td>0.354739</td>\n",
              "      <td>-0.569695</td>\n",
              "      <td>0.646157</td>\n",
              "      <td>0.087384</td>\n",
              "      <td>0.732899</td>\n",
              "      <td>-0.240286</td>\n",
              "      <td>1.000000</td>\n",
              "      <td>-0.751500</td>\n",
              "      <td>0.460090</td>\n",
              "      <td>0.508338</td>\n",
              "      <td>0.264496</td>\n",
              "      <td>-0.275366</td>\n",
              "      <td>0.601124</td>\n",
              "      <td>-0.375437</td>\n",
              "    </tr>\n",
              "    <tr>\n",
              "      <th>dis</th>\n",
              "      <td>-0.380572</td>\n",
              "      <td>0.665634</td>\n",
              "      <td>-0.709741</td>\n",
              "      <td>-0.098696</td>\n",
              "      <td>-0.771108</td>\n",
              "      <td>0.203507</td>\n",
              "      <td>-0.751500</td>\n",
              "      <td>1.000000</td>\n",
              "      <td>-0.497970</td>\n",
              "      <td>-0.534763</td>\n",
              "      <td>-0.231444</td>\n",
              "      <td>0.291847</td>\n",
              "      <td>-0.501168</td>\n",
              "      <td>0.251709</td>\n",
              "    </tr>\n",
              "    <tr>\n",
              "      <th>rad</th>\n",
              "      <td>0.624932</td>\n",
              "      <td>-0.314530</td>\n",
              "      <td>0.597721</td>\n",
              "      <td>-0.008872</td>\n",
              "      <td>0.611942</td>\n",
              "      <td>-0.210718</td>\n",
              "      <td>0.460090</td>\n",
              "      <td>-0.497970</td>\n",
              "      <td>1.000000</td>\n",
              "      <td>0.910911</td>\n",
              "      <td>0.467820</td>\n",
              "      <td>-0.443338</td>\n",
              "      <td>0.491477</td>\n",
              "      <td>-0.384730</td>\n",
              "    </tr>\n",
              "    <tr>\n",
              "      <th>tax</th>\n",
              "      <td>0.582243</td>\n",
              "      <td>-0.315991</td>\n",
              "      <td>0.720800</td>\n",
              "      <td>-0.037146</td>\n",
              "      <td>0.666959</td>\n",
              "      <td>-0.292794</td>\n",
              "      <td>0.508338</td>\n",
              "      <td>-0.534763</td>\n",
              "      <td>0.910911</td>\n",
              "      <td>1.000000</td>\n",
              "      <td>0.462718</td>\n",
              "      <td>-0.440891</td>\n",
              "      <td>0.545687</td>\n",
              "      <td>-0.471253</td>\n",
              "    </tr>\n",
              "    <tr>\n",
              "      <th>ptratio</th>\n",
              "      <td>0.291731</td>\n",
              "      <td>-0.392956</td>\n",
              "      <td>0.382633</td>\n",
              "      <td>-0.121830</td>\n",
              "      <td>0.188830</td>\n",
              "      <td>-0.357612</td>\n",
              "      <td>0.264496</td>\n",
              "      <td>-0.231444</td>\n",
              "      <td>0.467820</td>\n",
              "      <td>0.462718</td>\n",
              "      <td>1.000000</td>\n",
              "      <td>-0.178813</td>\n",
              "      <td>0.378862</td>\n",
              "      <td>-0.511897</td>\n",
              "    </tr>\n",
              "    <tr>\n",
              "      <th>b</th>\n",
              "      <td>-0.384064</td>\n",
              "      <td>0.176529</td>\n",
              "      <td>-0.357817</td>\n",
              "      <td>0.049972</td>\n",
              "      <td>-0.379640</td>\n",
              "      <td>0.128107</td>\n",
              "      <td>-0.275366</td>\n",
              "      <td>0.291847</td>\n",
              "      <td>-0.443338</td>\n",
              "      <td>-0.440891</td>\n",
              "      <td>-0.178813</td>\n",
              "      <td>1.000000</td>\n",
              "      <td>-0.367588</td>\n",
              "      <td>0.335387</td>\n",
              "    </tr>\n",
              "    <tr>\n",
              "      <th>lstat</th>\n",
              "      <td>0.457304</td>\n",
              "      <td>-0.413820</td>\n",
              "      <td>0.605595</td>\n",
              "      <td>-0.053698</td>\n",
              "      <td>0.591749</td>\n",
              "      <td>-0.615721</td>\n",
              "      <td>0.601124</td>\n",
              "      <td>-0.501168</td>\n",
              "      <td>0.491477</td>\n",
              "      <td>0.545687</td>\n",
              "      <td>0.378862</td>\n",
              "      <td>-0.367588</td>\n",
              "      <td>1.000000</td>\n",
              "      <td>-0.737720</td>\n",
              "    </tr>\n",
              "    <tr>\n",
              "      <th>medv</th>\n",
              "      <td>-0.390251</td>\n",
              "      <td>0.360031</td>\n",
              "      <td>-0.486625</td>\n",
              "      <td>0.174679</td>\n",
              "      <td>-0.428812</td>\n",
              "      <td>0.696169</td>\n",
              "      <td>-0.375437</td>\n",
              "      <td>0.251709</td>\n",
              "      <td>-0.384730</td>\n",
              "      <td>-0.471253</td>\n",
              "      <td>-0.511897</td>\n",
              "      <td>0.335387</td>\n",
              "      <td>-0.737720</td>\n",
              "      <td>1.000000</td>\n",
              "    </tr>\n",
              "  </tbody>\n",
              "</table>\n",
              "</div>"
            ],
            "text/plain": [
              "             crim        zn     indus      chas       nox        rm       age  \\\n",
              "crim     1.000000 -0.201470  0.407544 -0.057032  0.420611 -0.219433  0.354739   \n",
              "zn      -0.201470  1.000000 -0.536624 -0.043209 -0.518108  0.311173 -0.569695   \n",
              "indus    0.407544 -0.536624  1.000000  0.062351  0.762937 -0.394193  0.646157   \n",
              "chas    -0.057032 -0.043209  0.062351  1.000000  0.090371  0.091468  0.087384   \n",
              "nox      0.420611 -0.518108  0.762937  0.090371  1.000000 -0.302751  0.732899   \n",
              "rm      -0.219433  0.311173 -0.394193  0.091468 -0.302751  1.000000 -0.240286   \n",
              "age      0.354739 -0.569695  0.646157  0.087384  0.732899 -0.240286  1.000000   \n",
              "dis     -0.380572  0.665634 -0.709741 -0.098696 -0.771108  0.203507 -0.751500   \n",
              "rad      0.624932 -0.314530  0.597721 -0.008872  0.611942 -0.210718  0.460090   \n",
              "tax      0.582243 -0.315991  0.720800 -0.037146  0.666959 -0.292794  0.508338   \n",
              "ptratio  0.291731 -0.392956  0.382633 -0.121830  0.188830 -0.357612  0.264496   \n",
              "b       -0.384064  0.176529 -0.357817  0.049972 -0.379640  0.128107 -0.275366   \n",
              "lstat    0.457304 -0.413820  0.605595 -0.053698  0.591749 -0.615721  0.601124   \n",
              "medv    -0.390251  0.360031 -0.486625  0.174679 -0.428812  0.696169 -0.375437   \n",
              "\n",
              "              dis       rad       tax   ptratio         b     lstat      medv  \n",
              "crim    -0.380572  0.624932  0.582243  0.291731 -0.384064  0.457304 -0.390251  \n",
              "zn       0.665634 -0.314530 -0.315991 -0.392956  0.176529 -0.413820  0.360031  \n",
              "indus   -0.709741  0.597721  0.720800  0.382633 -0.357817  0.605595 -0.486625  \n",
              "chas    -0.098696 -0.008872 -0.037146 -0.121830  0.049972 -0.053698  0.174679  \n",
              "nox     -0.771108  0.611942  0.666959  0.188830 -0.379640  0.591749 -0.428812  \n",
              "rm       0.203507 -0.210718 -0.292794 -0.357612  0.128107 -0.615721  0.696169  \n",
              "age     -0.751500  0.460090  0.508338  0.264496 -0.275366  0.601124 -0.375437  \n",
              "dis      1.000000 -0.497970 -0.534763 -0.231444  0.291847 -0.501168  0.251709  \n",
              "rad     -0.497970  1.000000  0.910911  0.467820 -0.443338  0.491477 -0.384730  \n",
              "tax     -0.534763  0.910911  1.000000  0.462718 -0.440891  0.545687 -0.471253  \n",
              "ptratio -0.231444  0.467820  0.462718  1.000000 -0.178813  0.378862 -0.511897  \n",
              "b        0.291847 -0.443338 -0.440891 -0.178813  1.000000 -0.367588  0.335387  \n",
              "lstat   -0.501168  0.491477  0.545687  0.378862 -0.367588  1.000000 -0.737720  \n",
              "medv     0.251709 -0.384730 -0.471253 -0.511897  0.335387 -0.737720  1.000000  "
            ]
          },
          "execution_count": 37,
          "metadata": {},
          "output_type": "execute_result"
        }
      ],
      "source": [
        "# Finding Correlations\n",
        "\n",
        "df.corr()"
      ]
    },
    {
      "cell_type": "code",
      "execution_count": 38,
      "metadata": {
        "colab": {
          "base_uri": "https://localhost:8080/",
          "height": 504
        },
        "id": "xnW2Bg54-_fA",
        "outputId": "dfd868ac-998b-4207-aa05-5294a32447e6"
      },
      "outputs": [
        {
          "data": {
            "text/plain": [
              "Text(0.5, 1.0, 'Regression Plot')"
            ]
          },
          "execution_count": 38,
          "metadata": {},
          "output_type": "execute_result"
        },
        {
          "data": {
